32
32
618360
6754408
1
-9999
95.699997 98.257896 102.195000 104.459999 107.860001 106.635002 105.860001 106.327003 105.167000 105.019997 105.205002 105.565002 104.333000 103.816002 103.598000 104.195000 103.586998 104.078003 104.833000 104.306999 104.313004 104.643997 105.046997 105.417000 105.148003 104.934998 105.162003 105.185997 105.644997 105.940002 105.387001 105.495003 
96.898804 95.730003 102.320000 102.706001 103.680000 103.382004 106.440002 104.917999 104.497002 104.722000 104.706001 104.190002 104.214996 103.720001 102.410004 102.593002 103.300003 102.981003 103.192001 103.555000 103.366997 104.059998 104.193001 104.542000 104.642998 104.962997 104.589996 104.392998 105.010002 105.080002 104.898003 105.214996 
99.376099 102.425003 100.971001 97.960602 96.129997 105.129997 104.586998 104.014999 104.389999 104.205002 104.025002 104.519997 103.915001 103.529999 99.926697 101.351997 102.299004 101.319000 99.775002 102.120003 102.796997 103.099998 103.249001 103.568001 103.654999 103.995003 103.885002 103.864998 104.266998 104.231003 103.870003 104.007004 
100.716003 102.250000 102.364998 100.011002 96.190002 104.050003 104.112999 103.750000 103.760002 104.064003 104.349998 103.626999 104.239998 101.800003 99.683296 100.589996 98.581299 98.699600 99.650002 101.046997 102.269997 102.480003 102.357002 103.135002 103.036003 102.917000 103.096001 103.233002 103.489998 103.561996 103.542999 103.694000 
101.074997 101.003998 102.373001 103.830002 103.892998 102.758003 104.053001 103.879997 103.793999 103.745003 104.254997 102.217003 101.156998 100.652000 99.294998 98.995003 96.279999 98.088097 99.526199 101.268997 102.286003 102.316002 102.317001 101.900002 102.563004 102.431000 102.665001 102.793999 102.905998 103.462997 102.792999 103.168999 
104.320000 102.785004 103.195999 103.876999 104.063004 104.372002 104.551003 104.635002 104.096001 102.995003 102.750000 101.976997 100.970001 99.650002 99.398300 100.105003 96.360001 96.239998 100.032997 101.919998 102.200996 102.599998 101.800003 101.596001 101.889999 101.723999 101.657997 102.178001 102.047997 102.598999 102.737999 102.716003 
103.875999 104.239998 104.355003 103.709999 103.900002 105.379997 104.650002 104.839996 104.535004 103.169998 102.097000 101.708000 100.374001 99.160004 98.996696 97.794403 96.973396 97.671898 96.419998 100.740997 101.900002 102.364998 100.660004 101.362999 100.760002 101.149002 101.181000 100.830002 102.370003 102.453003 102.394997 102.471001 
105.464996 104.958000 105.114998 104.355003 104.768997 106.050003 105.934998 105.686996 104.996002 103.349998 102.653999 101.967003 100.228996 99.324997 98.484299 96.309998 96.360001 97.596298 101.730003 100.599998 102.004997 102.010002 101.483002 101.041000 100.747002 100.980003 100.787003 100.893997 101.635002 102.277000 102.372002 102.303001 
103.509003 104.771004 105.035004 105.220001 105.112000 105.536003 105.919998 105.849998 105.917000 104.046997 103.004997 102.904999 99.839996 98.970001 98.320503 96.373398 96.309998 96.440002 100.185997 100.584999 101.468002 101.709999 101.445000 101.195000 101.028000 101.035004 101.239998 101.193001 101.439003 102.070000 101.974998 102.260002 
104.269997 104.355003 104.449997 104.725998 105.032997 104.888000 105.287003 105.500000 105.025002 103.915001 103.573997 102.736000 103.044998 102.883003 96.500000 96.419998 99.444801 99.870003 100.000000 102.904999 102.378998 102.156998 101.445000 101.117996 101.177002 101.139999 101.220001 101.216003 101.432999 101.720001 102.056999 101.997002 
98.705902 101.143997 104.269997 104.303001 104.230003 105.074997 104.851997 104.757004 104.424004 104.102997 103.903000 103.892998 103.519997 102.651001 103.050003 102.830002 102.980003 102.175003 101.778000 102.597000 103.612000 102.970001 100.952003 100.866997 100.759003 101.029999 101.028999 101.218002 101.406998 101.074997 101.563004 101.953003 
95.985100 95.730003 98.567497 102.152000 103.660004 104.019997 104.394997 103.514000 104.012001 103.981003 104.117996 104.510002 104.379997 103.997002 103.569000 103.425003 103.285004 103.084000 102.943001 102.864998 103.216003 101.964996 99.736702 99.620003 100.259003 100.769997 100.466003 100.744003 101.002998 101.065002 100.651001 101.500000 
95.783501 96.176399 97.364197 98.757401 99.642700 99.962097 99.805000 100.935997 103.946999 103.882004 103.794998 104.069000 104.453003 104.152000 104.037003 103.980003 103.742996 103.739998 103.433998 103.382004 103.355003 103.032997 100.160004 99.940804 99.779999 99.736702 99.389999 100.930000 100.889999 100.504997 99.320000 99.169998 
95.821404 95.860001 95.966003 95.990303 95.948898 95.950699 96.000900 96.680901 97.874001 100.183998 103.364998 103.565002 104.008003 104.010002 104.226997 104.585999 104.556999 104.008003 103.665001 104.013000 103.889999 102.135002 100.647003 100.341003 99.809998 100.123001 100.570000 100.521004 100.042999 99.167503 99.126701 99.162498 
95.930099 95.989998 95.900002 95.871498 95.970001 96.000000 95.980904 96.047501 96.114098 96.180702 99.021400 99.300003 103.029999 101.945999 103.834999 107.559998 103.927002 104.106003 104.445000 103.843002 103.241997 102.329002 100.967003 101.028999 100.777000 100.677002 100.825996 100.592003 101.209999 99.874603 99.116699 99.289101 
95.981400 95.968300 95.859703 95.853897 95.940002 95.924698 95.980499 96.045998 96.112602 96.146599 96.059998 97.416199 96.099998 97.985100 96.330002 103.375000 104.477997 103.952003 104.084999 103.992996 102.430000 102.569000 101.633003 101.733002 101.477997 101.329002 101.467003 101.174004 100.955002 99.650002 99.395203 99.279999 
95.966904 95.934097 95.901299 95.847504 95.886803 95.942596 95.998299 96.050797 96.082703 96.077400 96.072098 96.074997 96.158699 96.294197 96.314903 97.890099 101.441002 103.293999 103.617996 103.389000 103.913002 104.065002 101.624001 101.327003 101.870003 101.577003 101.856003 101.018997 100.258003 99.800201 99.556702 99.363297 
95.932602 95.899902 95.869400 95.887299 95.899101 95.904503 95.949402 95.998497 96.047600 96.063797 96.039001 96.015999 96.072701 96.182503 96.232101 96.256104 97.945198 102.179001 102.690002 103.010002 102.430000 100.255997 100.623001 100.832001 100.932999 101.610001 101.434998 101.014999 99.456703 99.678101 99.545700 100.084999 
95.898399 95.911697 95.929604 98.510002 100.688004 95.969704 103.820000 95.980400 96.169998 102.595001 96.044899 96.089996 96.001602 96.036301 96.079002 96.121696 96.911499 96.169998 98.294098 99.447403 102.769997 96.279999 98.969902 100.484001 100.688004 100.757004 101.157997 102.260002 101.527000 100.900002 100.300003 100.285004 
95.954002 95.971901 95.989799 98.040001 100.031998 101.981003 104.089996 103.699997 103.059998 102.910004 96.063103 96.066902 96.066101 96.199997 96.122803 96.161697 96.200600 96.220001 96.201897 96.229103 96.320000 96.287498 97.028503 99.970001 100.129997 99.523399 100.699997 100.848999 102.580002 102.440002 100.688004 100.653999 
96.014198 96.032097 96.050003 100.648003 102.361000 104.074997 103.995003 103.984001 104.245003 103.264999 100.677002 96.156700 96.164101 96.220001 96.231796 96.320000 96.257401 96.226196 96.223396 96.248497 96.273499 96.300201 96.329399 96.382103 96.353699 99.864998 96.309998 98.715202 101.830002 100.650002 100.753998 100.480003 
96.074402 96.092300 96.110199 98.594200 102.487999 104.286003 104.818001 104.138000 102.471001 99.853104 96.206802 96.228500 96.330002 96.206802 96.243698 96.295502 96.297096 96.309998 96.245003 96.270103 96.295097 96.313301 96.331497 96.362396 96.326103 96.296700 96.267197 96.253403 97.217400 97.842102 99.410599 99.695000 
96.134598 96.152496 96.170403 98.595001 104.169998 104.254997 104.570999 104.074997 103.300003 96.389999 96.419998 96.287598 96.250099 96.094200 96.129700 96.186401 96.267700 96.298599 96.224197 96.271896 96.287697 96.303497 96.319199 96.354897 96.317200 96.279503 96.241898 96.210197 96.250000 96.160004 97.404404 99.949997 
96.054703 96.154297 96.230598 99.303902 103.542999 104.644997 105.084999 103.441002 100.919998 96.328697 96.341599 96.355003 96.267899 96.112000 96.040001 96.077301 96.174202 96.182999 96.125603 96.201500 96.277397 96.293701 96.309402 96.339302 96.309700 96.294998 96.234398 96.196701 96.250000 96.173698 96.191101 96.220001 
95.966301 98.544998 96.165497 104.080002 104.537003 104.800003 104.099998 103.320000 98.536797 96.430000 96.371399 96.347198 96.360001 96.129799 95.973900 96.008499 96.144798 96.042999 96.027000 96.102898 96.178802 96.254799 96.299599 96.315399 96.302299 96.264603 96.227699 96.250000 96.190002 96.183296 96.186096 96.197098 
95.877800 98.093498 102.660004 102.540001 104.654999 104.253998 102.822998 99.813904 96.500000 96.470001 96.401199 96.376999 96.281898 96.098198 95.928398 96.029999 95.994797 95.955002 95.930000 96.004303 96.080200 96.156097 96.232101 96.305496 96.309998 96.261803 96.238403 96.231201 96.349998 96.204903 96.202202 96.300003 
95.789299 97.622803 100.489998 103.595001 104.129997 104.150002 103.339996 96.485802 96.436798 96.373001 96.309196 96.230003 96.080704 95.930603 95.844200 95.949997 95.931702 95.921204 95.906799 95.981003 96.055199 96.129402 96.203697 96.253403 96.280602 96.308899 96.324799 96.340797 96.329102 96.330002 96.284500 96.269997 
95.700798 95.620003 98.049797 101.302002 105.443001 103.112999 100.704002 102.894997 96.423798 96.404800 96.440002 96.309998 95.956001 95.811699 95.959999 95.952003 95.970703 95.970802 96.040001 95.991402 96.065598 96.139801 96.170197 96.164497 96.189697 96.245796 96.284897 96.300797 96.308998 96.286697 96.269997 96.242104 
95.612297 95.704399 95.776901 97.052101 95.709999 95.769997 97.649902 96.176598 96.269897 96.333298 96.275299 96.075699 95.911797 95.919998 96.040001 96.005898 96.005997 96.005997 96.006104 96.001801 96.075996 96.086998 96.061096 96.081100 96.100998 96.154999 96.210999 96.260902 96.276802 96.266502 96.244202 96.221901 
95.604401 95.608101 95.611801 95.676300 95.748901 95.836098 95.904999 95.966003 96.026901 96.087898 96.148903 96.071098 96.000000 95.835503 96.035896 96.035698 96.035500 96.035202 96.035004 96.034798 96.003799 95.957703 95.977699 95.997704 96.017601 96.064102 96.120201 96.176201 96.232300 96.246300 96.223999 96.271599 
95.730003 95.671097 95.674797 95.664803 95.657600 95.691399 95.725304 95.759102 95.792900 95.842499 95.903503 95.964401 95.919998 95.753899 95.798897 95.843903 95.888901 95.902496 95.902298 95.902000 95.870903 95.874298 95.894302 95.914299 95.934196 95.973297 96.029297 96.085403 96.141502 96.197502 96.258301 96.312599 
95.730499 95.705704 95.672203 95.638702 95.724998 95.695198 95.728996 95.762802 95.796600 95.830399 95.864304 95.893700 95.906097 95.770599 95.764999 95.759499 95.753899 95.748398 95.742798 95.769302 95.770897 95.790901 95.810898 95.830803 95.850800 95.882401 95.938499 95.994499 96.050598 96.133301 96.275597 96.341499 
